0 ge clover_high 1 3 0.0	-0.672267  1.25661  -3.98835e-06  1.02652e-09    32000
1 ge clover_high 1 3 0.0	 0.168046  1.2715    8.17554e-07 -9.50104e-11    32000
2 ge clover_high 1 3 0.0	-0.125675  1.27038  -3.85722e-07  2.46236e-10    32000
3 ge clover_high 1 3 0.0	-0.414085  1.27556  -2.04997e-06  6.82541e-10    32000
4 ge clover_high 1 3 0.0        -1.39455   1.28933  -3.00506e-06  1.06933e-09    32000
5 ge clover_high 1 3 0.0	-1.27405   1.31786  -6.3995e-06   2.21588e-09    32000
6 ge clover_high 1 3 0.0	-0.0334172 1.23702   1.28869e-06 -1.57839e-10    32000
7 ge clover_high 1 3 0.0	 0.871978  1.27352   4.63096e-06 -1.18486e-09    32000

0 scint beta 1 2 0.0 0.0 1.0 0 32000
1 scint	beta 1 2 0.0 0.0 1.0 0 32000
2 scint beta 1 2 0.0 0.0 1.0 0 32000
3 scint beta 1 2 0.0 0.0 1.0 0 32000
